Coefficients Of Utilization - Zonal Cavity Method
Effective Floor Cavity Reflectance 0.20

RC			80					70					50				30				10			0
RW	70	50	30	10		70	50	30	10		50	30	10		50	30	10		50	30	10		0

0		119	119	119	119		116	116	116	116		111	111	111		106	106	106		102	102	102		100
1		110	106	102	99		108	104	101	98		100	97	94		96	94	92		92	91	89		87
2		101	94	88	83		99	92	87	82		89	84	80		86	82	78		83	80	77		75
3		93	84	77	71		91	82	76	70		79	74	69		77	72	68		74	70	67		65
4		86	75	67	61		84	74	66	61		71	65	60		69	64	59		67	62	58		56
5		80	68	59	53		78	67	59	53		65	58	52		63	57	52		61	56	51		49
6		74	61	53	47		72	60	53	47		59	52	46		57	51	46		56	50	46		44
7		69	56	48	42		67	55	47	42		54	47	41		52	46	41		51	45	41		39
8		64	51	43	38		63	51	43	38		49	42	37		48	42	37		47	41	37		35
9		60	47	39	34		59	47	39	34		45	39	34		44	38	34		43	38	34		32
10		56	44	36	31		55	43	36	31		42	35	31		41	35	31		40	35	31		29
