Coefficients Of Utilization - Zonal Cavity Method
Effective Floor Cavity Reflectance 0.20

RC			80					70					50				30				10			0
RW	70	50	30	10		70	50	30	10		50	30	10		50	30	10		50	30	10		0

0		117	117	117	117		114	114	114	114		106	106	106		100	100	100		94	94	94		91
1		105	99	94	90		101	96	91	87		90	86	83		84	81	78		79	77	74		72
2		95	86	78	72		91	83	76	70		78	72	67		73	68	64		68	64	61		58
3		86	75	66	59		83	72	64	58		68	61	55		64	58	53		60	55	51		48
4		79	66	56	49		75	64	55	48		60	53	47		56	50	45		53	48	43		41
5		72	59	49	42		69	57	48	42		54	46	40		51	44	39		48	42	38		35
6		66	53	43	37		64	51	42	36		48	41	35		46	39	34		43	37	33		31
7		62	48	39	32		59	46	38	32		44	36	31		42	35	30		39	34	29		27
8		57	43	35	29		55	42	34	28		40	33	27		38	32	27		36	30	26		24
9		53	40	31	26		52	39	31	25		37	30	25		35	29	24		33	28	23		21
10		50	37	29	23		48	36	28	23		34	27	22		32	26	22		31	25	21		19
