Coefficients Of Utilization - Zonal Cavity Method
Effective Floor Cavity Reflectance 0.20

RC			80					70					50				30				10			0
RW	70	50	30	10		70	50	30	10		50	30	10		50	30	10		50	30	10		0

0		119	119	119	119		116	116	116	116		111	111	111		106	106	106		102	102	102		100
1		108	104	99	95		106	101	97	94		97	94	91		93	90	88		89	87	85		83
2		98	90	83	77		96	88	82	76		85	79	74		81	77	73		78	74	71		69
3		90	79	71	64		87	77	70	63		74	68	62		72	66	61		69	64	60		58
4		82	70	61	54		80	68	60	54		66	59	53		64	57	52		61	56	51		49
5		75	62	53	46		73	61	53	46		59	51	46		57	50	45		55	49	45		42
6		70	56	47	40		68	55	46	40		53	46	40		52	45	40		50	44	39		37
7		64	51	42	36		63	50	42	36		48	41	35		47	40	35		46	39	35		33
8		60	46	38	32		58	46	37	32		44	37	31		43	36	31		42	36	31		29
9		56	42	34	29		55	42	34	28		41	33	28		40	33	28		39	32	28		26
10		52	39	31	26		51	39	31	26		38	31	26		37	30	26		36	30	25		24
