Coefficients Of Utilization - Zonal Cavity Method
Effective Floor Cavity Reflectance 0.20

RC			80					70					50				30				10			0
RW	70	50	30	10		70	50	30	10		50	30	10		50	30	10		50	30	10		0

0		109	109	109	109		107	107	107	107		102	102	102		98	98	98		94	94	94		92
1		102	98	95	92		99	96	93	90		92	90	87		89	87	85		85	84	82		81
2		94	88	82	78		92	86	81	77		83	79	75		80	76	73		77	74	72		70
3		87	78	72	67		85	77	71	66		74	69	65		72	68	64		70	66	63		61
4		80	71	64	58		78	69	63	58		67	62	57		65	60	56		63	59	56		54
5		74	64	57	51		73	63	56	51		61	55	50		59	54	50		58	53	49		48
6		69	58	51	45		68	57	50	45		56	50	45		54	49	45		53	48	44		42
7		64	53	46	41		63	52	46	41		51	45	40		50	44	40		49	44	40		38
8		60	49	42	37		59	48	41	37		47	41	36		46	40	36		45	40	36		34
9		57	45	38	33		55	45	38	33		44	37	33		43	37	33		42	37	33		31
10		53	42	35	31		52	41	35	30		40	34	30		40	34	30		39	34	30		29
