Coefficients Of Utilization - Zonal Cavity Method
Effective Floor Cavity Reflectance 0.20

RC			80					70					50				30				10			0
RW	70	50	30	10		70	50	30	10		50	30	10		50	30	10		50	30	10		0

0		119	119	119	119		116	116	116	116		111	111	111		106	106	106		102	102	102		100
1		111	108	105	102		109	106	103	100		101	99	97		98	96	94		94	93	91		89
2		104	97	92	87		101	95	90	86		92	88	84		89	85	82		86	83	81		79
3		96	87	81	76		94	86	80	75		83	78	74		81	76	72		78	74	71		69
4		89	79	72	66		87	78	71	66		75	69	65		73	68	64		71	67	63		61
5		83	72	64	58		81	71	63	58		69	62	57		67	61	57		65	60	56		54
6		77	65	57	52		75	64	57	52		63	56	51		61	55	51		60	54	50		49
7		72	60	52	46		70	59	51	46		57	51	46		56	50	46		55	49	45		43
8		67	55	47	42		65	54	47	42		53	46	41		51	45	41		50	45	41		39
9		62	50	43	38		61	50	42	38		49	42	37		48	42	37		47	41	37		35
10		59	46	39	34		57	46	39	34		45	38	34		44	38	34		43	38	34		32
