Coefficients Of Utilization - Zonal Cavity Method
Effective Floor Cavity Reflectance 0.20

RC			80					70					50				30				10			0
RW	70	50	30	10		70	50	30	10		50	30	10		50	30	10		50	30	10		0

0		119	119	119	119		116	116	116	116		111	111	111		106	106	106		102	102	102		100
1		113	109	107	104		110	107	105	102		103	101	99		99	98	96		96	95	93		92
2		106	100	95	92		104	98	94	90		95	92	88		92	89	87		89	87	85		83
3		99	92	86	81		97	90	85	81		88	83	79		85	81	78		83	80	77		75
4		93	84	78	73		91	83	77	72		81	76	71		79	74	71		77	73	70		68
5		87	77	71	66		85	76	70	65		75	69	65		73	68	64		71	67	63		62
6		82	71	64	59		80	70	64	59		69	63	59		67	62	58		66	61	58		56
7		77	66	59	54		75	65	58	54		64	58	53		62	57	53		61	56	53		51
8		72	61	54	49		71	60	54	49		59	53	49		58	53	49		57	52	48		47
9		68	57	50	45		66	56	49	45		55	49	45		54	48	45		53	48	44		43
10		64	53	46	41		63	52	46	41		51	45	41		50	45	41		50	44	41		39
